0
1
2
3
4
5
6
7
8
9
10
11
12
13
14
15
16
17
18
19
20
21
22
23
24
25
26
27
28
29
30
31
32
33
34
35
36
37
38
39
40
41
42
43
44
45
46
47
48
49
50
51
52
53
54
55
56
57
58
59
60
61
62
63
64
65
66
67
68
69
70
71
72
73
74
75
76
77
78
79
80
81
82
83
84
85
86
87
88
89
90
91
92
93
94
95
96
97
98
99
100
101
102
103
104
105
106
107
108
109
110
111
112
113
114
115
116
117
118
119
120
121
122
123
124
125
126
127
128
129
130
131
132
133
134
135
136
137
138
139
140
141
142
143
144
145
146
147
148
149
150
151
152
153
154
155
156
157
158
159
160
161
162
163
164
165
166
167
168
169
170
171
172
173
174
175
176
177
178
179
180
181
182
183
184
185
186
187
188
189
190
191
192
193
194
195
196
197
198
199
200
201
202
203
204
205
206
207
208
209
210
211
212
213
214
215
216
217
218
219
220
221
222
223
224
225
226
227
228
229
230
231
232
233
234
235
236
237
238
239
240
241
242
243
244
245
246
247
248
249
250
251
252
253
254
255
256
257
258
259
260
261
262
263
264
265
266
267
268
269
270
271
272
273
274
275
276
277
278
279
280
281
282
283
284
285
286
287
288
289
290
291
292
293
294
295
296
297
298
299
300
301
302
303
304
305
306
307
308
309
310
311
312
313
314
315
316
317
318
319
320
321
322
323
324
325
326
327
328
329
330
331
332
333
334
335
336
337
338
339
340
341
342
343
344
345
346
347
348
349
350
351
352
353
354
355
356
357
358
359
360
361
362
363
364
365
366
367
368
369
370
371
372
373
374
375
376
377
378
379
380
381
382
383
384
385
386
387
388
389
390
391
392
393
394
395
396
397
398
399
400
401
402
403
404
405
406
407
408
409
410
411
412
413
414
415
416
417
418
419
420
421
422
423
424
425
426
427
428
429
430
431
432
433
434
435
436
437
438
439
440
441
442
443
444
445
446
447
448
449
450
451
452
453
454
455
456
457
458
459
460
461
462
463
464
465
466
467
468
469
470
471
472
473
474
475
476
477
478
479
480
481
482
483
484
485
486
487
488
489
490
491
492
493
494
495
496
497
498
499
500
501
502
503
504
505
506
507
508
509
510
511
512
513
514
515
516
517
518
519
520
521
522
523
524
525
526
527
528
529
530
531
532
533
534
535
536
537
538
539
540
541
542
543
544
545
546
547
548
549
550
551
552
553
554
555
556
557
558
559
560
561
562
563
564
565
566
567
568
569
570
571
572
573
574
575
576
577
578
579
580
581
582
583
584
585
586
587
588
589
590
591
592
593
594
595
596
597
598
599
600
601
602
603
604
605
606
607
608
609
610
611
612
613
614
615
616
617
618
619
620
621
622
623
624
625
626
627
628
629
630
631
632
633
634
635
636
637
638
639
640
641
642
643
644
645
646
647
648
649
650
651
652
653
654
655
656
657
658
659
660
661
662
663
664
665
666
667
668
669
670
671
672
673
674
675
676
677
678
679
680
681
682
683
684
685
686
687
688
689
690
691
692
693
694
695
696
697
698
699
700
701
702
703
704
705
706
707
708
709
710
711
712
713
714
715
716
717
718
719
720
721
722
723
724
725
726
727
728
729
730
731
732
733
734
735
736
737
738
739
740
741
742
743
744
745
746
747
748
749
750
751
752
753
754
755
756
757
758
759
760
761
762
763
764
765
766
767
768
769
770
771
772
773
774
775
776
777
778
779
780
781
782
783
784
785
786
787
788
789
790
791
792
793
794
795
796
797
798
799
800
801
802
803
804
805
806
807
808
809
810
811
812
813
814
815
816
817
818
819
820
821
822
823
824
825
826
827
828
829
830
831
832
833
834
835
836
837
838
839
840
841
842
843
844
845
846
847
848
849
850
851
852
853
854
855
856
857
858
859
860
861
862
863
864
865
866
867
868
869
870
871
872
873
874
875
876
877
878
879
880
881
882
883
884
885
886
887
888
889
890
891
892
893
894
895
896
897
898
899
900
901
902
903
904
905
906
907
908
909
910
911
912
913
914
915
916
917
918
919
920
921
922
923
924
925
926
927
928
929
930
931
932
933
934
935
936
937
938
939
940
941
942
943
944
945
946
947
948
949
950
951
952
953
954
955
956
957
958
959
960
961
962
963
964
965
966
967
968
969
970
971
972
973
974
975
976
977
978
979
980
981
982
983
984
985
986
987
988
989
990
991
992
993
994
995
996
997
998
999
1000
零
〇
一
二
三
四
五
六
七
八
九
十
十一
十二
十三
十四
十五
十六
十七
十八
十九
二十
二十一
二十二
二十三
二十四
二十五
二十六
二十七
二十八
二十九
三十
三十一
三十二
三十三
三十四
三十五
三十六
三十七
三十八
三十九
四十
四十一
四十二
四十三
四十四
四十五
四十六
四十七
四十八
四十九
五十
五十一
五十二
五十三
五十四
五十五
五十六
五十七
五十八
五十九
六十
六十一
六十二
六十三
六十四
六十五
六十六
六十七
六十八
六十九
七十
七十一
七十二
七十三
七十四
七十五
七十六
七十七
七十八
七十九
八十
八十一
八十二
八十三
八十四
八十五
八十六
八十七
八十八
八十九
九十
九十一
九十二
九十三
九十四
九十五
九十六
九十七
九十八
九十九
一百
二百
三百
四百
五百
六百
七百
八百
九百
一千
A
B
C
D
E
F
G
H
I
J
K
L
M
N
O
P
Q
R
S
T
U
V
W
X
Y
Z
a
b
c
d
e
f
g
h
i
j
k
l
m
n
o
p
q
r
s
t
u
v
w
x
y
z
1900
一九零零
一九〇〇
1901
一九零一
一九〇一
1902
一九零二
一九〇二
1903
一九零三
一九〇三
1904
一九零四
一九〇四
1905
一九零五
一九〇五
1906
一九零六
一九〇六
1907
一九零七
一九〇七
1908
一九零八
一九〇八
1909
一九零九
一九〇九
1910
一九一零
一九一〇
1911
一九一一
1912
一九一二
1913
一九一三
1914
一九一四
1915
一九一五
1916
一九一六
1917
一九一七
1918
一九一八
1919
一九一九
1920
一九二零
一九二〇
1921
一九二一
1922
一九二二
1923
一九二三
1924
一九二四
1925
一九二五
1926
一九二六
1927
一九二七
1928
一九二八
1929
一九二九
1930
一九三零
一九三〇
1931
一九三一
1932
一九三二
1933
一九三三
1934
一九三四
1935
一九三五
1936
一九三六
1937
一九三七
1938
一九三八
1939
一九三九
1940
一九四零
一九四〇
1941
一九四一
1942
一九四二
1943
一九四三
1944
一九四四
1945
一九四五
1946
一九四六
1947
一九四七
1948
一九四八
1949
一九四九
1950
一九五零
一九五〇
1951
一九五一
1952
一九五二
1953
一九五三
1954
一九五四
1955
一九五五
1956
一九五六
1957
一九五七
1958
一九五八
1959
一九五九
1960
一九六零
一九六〇
1961
一九六一
1962
一九六二
1963
一九六三
1964
一九六四
1965
一九六五
1966
一九六六
1967
一九六七
1968
一九六八
1969
一九六九
1970
一九七零
一九七〇
1971
一九七一
1972
一九七二
1973
一九七三
1974
一九七四
1975
一九七五
1976
一九七六
1977
一九七七
1978
一九七八
1979
一九七九
1980
一九八零
一九八〇
1981
一九八一
1982
一九八二
1983
一九八三
1984
一九八四
1985
一九八五
1986
一九八六
1987
一九八七
1988
一九八八
1989
一九八九
1990
一九九零
一九九〇
1991
一九九一
1992
一九九二
1993
一九九三
1994
一九九四
1995
一九九五
1996
一九九六
1997
一九九七
1998
一九九八
1999
一九九九
2000
二零零零
二〇〇〇
2001
二零零一
二〇〇一
2002
二零零二
二〇〇二
2003
二零零三
二〇〇三
2004
二零零四
二〇〇四
2005
二零零五
二〇〇五
2006
二零零六
二〇〇六
2007
二零零七
二〇〇七
2008
二零零八
二〇〇八
2009
二零零九
二〇〇九
2010
二零一零
二〇一〇
2011
二零一一
二〇一一
2012
二零一二
二〇一二
2013
二零一三
二〇一三
2014
二零一四
二〇一四
2015
二零一五
二〇一五
2016
二零一六
二〇一六
2017
二零一七
二〇一七
2018
二零一八
二〇一八
2019
二零一九
二〇一九
2020
二零二零
二〇二〇
2021
二零二一
二〇二一
2022
二零二二
二〇二二
2023
二零二三
二〇二三
2024
二零二四
二〇二四
2025
二零二五
二〇二五
2026
二零二六
二〇二六
2027
二零二七
二〇二七
2028
二零二八
二〇二八
2029
二零二九
二〇二九
2030
二零三零
二〇三〇
2031
二零三一
二〇三一
2032
二零三二
二〇三二
2033
二零三三
二〇三三
2034
二零三四
二〇三四
2035
二零三五
二〇三五
2036
二零三六
二〇三六
2037
二零三七
二〇三七
2038
二零三八
二〇三八
2039
二零三九
二〇三九
2040
二零四零
二〇四〇
2041
二零四一
二〇四一
2042
二零四二
二〇四二
2043
二零四三
二〇四三
2044
二零四四
二〇四四
2045
二零四五
二〇四五
2046
二零四六
二〇四六
2047
二零四七
二〇四七
2048
二零四八
二〇四八
2049
二零四九
二〇四九
2050
二零五零
二〇五〇
2051
二零五一
二〇五一
2052
二零五二
二〇五二
2053
二零五三
二〇五三
2054
二零五四
二〇五四
2055
二零五五
二〇五五
2056
二零五六
二〇五六
2057
二零五七
二〇五七
2058
二零五八
二〇五八
2059
二零五九
二〇五九
2060
二零六零
二〇六〇
2061
二零六一
二〇六一
2062
二零六二
二〇六二
2063
二零六三
二〇六三
2064
二零六四
二〇六四
2065
二零六五
二〇六五
2066
二零六六
二〇六六
2067
二零六七
二〇六七
2068
二零六八
二〇六八
2069
二零六九
二〇六九
2070
二零七零
二〇七〇
2071
二零七一
二〇七一
2072
二零七二
二〇七二
2073
二零七三
二〇七三
2074
二零七四
二〇七四
2075
二零七五
二〇七五
2076
二零七六
二〇七六
2077
二零七七
二〇七七
2078
二零七八
二〇七八
2079
二零七九
二〇七九
2080
二零八零
二〇八〇
2081
二零八一
二〇八一
2082
二零八二
二〇八二
2083
二零八三
二〇八三
2084
二零八四
二〇八四
2085
二零八五
二〇八五
2086
二零八六
二〇八六
2087
二零八七
二〇八七
2088
二零八八
二〇八八
2089
二零八九
二〇八九
2090
二零九零
二〇九〇
2091
二零九一
二〇九一
2092
二零九二
二〇九二
2093
二零九三
二〇九三
2094
二零九四
二〇九四
2095
二零九五
二〇九五
2096
二零九六
二〇九六
2097
二零九七
二〇九七
2098
二零九八
二〇九八
2099
二零九九
二〇九九
